category,TF,FF,TT,FT,n_seeds
Ethics and Morality,407,1499,1,27,1934
Illegal Activities,603,1152,9,14,1778
Mental Health,583,967,4,12,1566
Offensiveness,472,1148,27,158,1805
Physical Health,465,676,0,8,1149
Privacy and Property,499,767,14,19,1299
Unfairness and Bias,524,1008,70,302,1904
OVERALL,3553,7217,125,540,11435
