category,TF,FF,TT,FT,n_seeds
Ethics and Morality,518,1372,9,35,1934
Illegal Activities,701,1039,13,25,1778
Mental Health,656,884,11,15,1566
Offensiveness,474,1176,10,145,1805
Physical Health,543,591,7,8,1149
Privacy and Property,559,692,25,23,1299
Unfairness and Bias,644,880,4,376,1904
OVERALL,4095,6634,79,627,11435
