label_style,category,TT,FF,TF,FT,Total
num_dot,Ethics and Morality,548,1881,1386,53,3868
num_dot,Illegal Activities,697,1742,1081,36,3556
num_dot,Mental Health,653,1542,913,24,3132
num_dot,Offensiveness,540,1605,1265,200,3610
num_dot,Physical Health,547,1125,602,24,2298
num_dot,Privacy and Property,580,1246,719,53,2598
num_dot,Unfairness and Bias,609,1529,1295,375,3808
num_dot,OVERALL,4174,10670,7261,765,22870
