label_style,category,TT,FF,TF,FT,Total
alpha_dot,Ethics and Morality,527,1890,1407,44,3868
alpha_dot,Illegal Activities,714,1740,1064,38,3556
alpha_dot,Mental Health,667,1540,899,26,3132
alpha_dot,Offensiveness,484,1650,1321,155,3610
alpha_dot,Physical Health,550,1134,599,15,2298
alpha_dot,Privacy and Property,584,1251,715,48,2598
alpha_dot,Unfairness and Bias,648,1524,1256,380,3808
alpha_dot,OVERALL,4174,10729,7261,706,22870
