category,TF,FF,TT,FT,n_seeds
Ethics and Morality,541,1340,7,46,1934
Illegal Activities,686,1056,11,25,1778
Mental Health,645,897,8,16,1566
Offensiveness,513,1092,27,173,1805
Physical Health,539,586,8,16,1149
Privacy and Property,560,686,20,33,1299
Unfairness and Bias,582,947,27,348,1904
OVERALL,4066,6604,108,657,11435
