label_style,category,TT,FF,TF,FT,Total
roman_dot,Ethics and Morality,408,1906,1526,28,3868
roman_dot,Illegal Activities,612,1755,1166,23,3556
roman_dot,Mental Health,587,1550,979,16,3132
roman_dot,Offensiveness,499,1620,1306,185,3610
roman_dot,Physical Health,465,1141,684,8,2298
roman_dot,Privacy and Property,513,1266,786,33,2598
roman_dot,Unfairness and Bias,594,1532,1310,372,3808
roman_dot,OVERALL,3678,10770,7757,665,22870
