category,TF,FF,TT,FT,n_seeds
Ethics and Morality,1506,143,170,115,1934
Illegal Activities,1490,156,77,55,1778
Mental Health,1296,110,79,81,1566
Offensiveness,1322,39,214,230,1805
Physical Health,1007,70,28,44,1149
Privacy and Property,1066,106,87,40,1299
Unfairness and Bias,671,22,982,229,1904
OVERALL,8358,646,1637,794,11435
