category,TF,FF,TT,FT,n_seeds
Ethics and Morality,1507,146,170,111,1934
Illegal Activities,1485,161,84,48,1778
Mental Health,1274,132,90,70,1566
Offensiveness,1340,47,179,239,1805
Physical Health,1005,77,30,37,1149
Privacy and Property,1055,119,88,37,1299
Unfairness and Bias,691,22,936,255,1904
OVERALL,8357,704,1577,797,11435
