category,TF,FF,TT,FT,n_seeds
Ethics and Morality,1501,159,176,98,1934
Illegal Activities,1480,161,89,48,1778
Mental Health,1283,140,90,53,1566
Offensiveness,1357,42,145,261,1805
Physical Health,1014,69,26,40,1149
Privacy and Property,1058,115,89,37,1299
Unfairness and Bias,721,35,858,290,1904
OVERALL,8414,721,1473,827,11435
