label_style,category,TT,FF,TF,FT,Total
num_dot,Ethics and Morality,1673,1660,257,270,3860
num_dot,Illegal Activities,1568,1641,209,135,3553
num_dot,Mental Health,1372,1423,193,142,3130
num_dot,Offensiveness,1501,1399,303,404,3607
num_dot,Physical Health,1038,1083,109,66,2296
num_dot,Privacy and Property,1146,1173,152,124,2595
num_dot,Unfairness and Bias,1579,756,325,1147,3807
num_dot,OVERALL,9877,9135,1548,2288,22848
