label_style,category,TT,FF,TF,FT,Total
roman_dot,Ethics and Morality,1671,1653,257,275,3856
roman_dot,Illegal Activities,1568,1646,209,131,3554
roman_dot,Mental Health,1364,1406,202,159,3131
roman_dot,Offensiveness,1516,1387,286,415,3604
roman_dot,Physical Health,1035,1082,114,66,2297
roman_dot,Privacy and Property,1143,1174,156,122,2595
roman_dot,Unfairness and Bias,1625,713,277,1190,3805
roman_dot,OVERALL,9922,9061,1501,2358,22842
