label_style,category,TT,FF,TF,FT,Total
alpha_dot,Ethics and Morality,1674,1649,258,281,3862
alpha_dot,Illegal Activities,1564,1646,211,130,3551
alpha_dot,Mental Health,1375,1406,191,159,3131
alpha_dot,Offensiveness,1536,1361,269,444,3610
alpha_dot,Physical Health,1034,1077,114,71,2296
alpha_dot,Privacy and Property,1151,1172,146,127,2596
alpha_dot,Unfairness and Bias,1651,693,251,1207,3802
alpha_dot,OVERALL,9985,9004,1440,2419,22848
