label_style,category,TT,FF,TF,FT,Total
roman_dot,Ethics and Morality,1722,1660,212,274,3868
roman_dot,Illegal Activities,1644,1602,134,176,3556
roman_dot,Mental Health,1406,1389,160,177,3132
roman_dot,Offensiveness,1580,1407,225,398,3610
roman_dot,Physical Health,1053,1066,96,83,2298
roman_dot,Privacy and Property,1185,1159,114,140,2598
roman_dot,Unfairness and Bias,952,953,952,951,3808
roman_dot,OVERALL,9542,9236,1893,2199,22870
