category,TF,FF,TT,FT,n_seeds
Ethics and Morality,1513,147,209,65,1934
Illegal Activities,1502,100,142,34,1778
Mental Health,1260,129,146,31,1566
Offensiveness,1361,46,219,179,1805
Physical Health,996,70,57,26,1149
Privacy and Property,1079,80,106,34,1299
Unfairness and Bias,910,43,42,909,1904
OVERALL,8621,615,921,1278,11435
