category,TF,FF,TT,FT,n_seeds
Ethics and Morality,1505,143,222,64,1934
Illegal Activities,1514,95,138,31,1778
Mental Health,1257,131,137,41,1566
Offensiveness,1315,42,273,175,1805
Physical Health,999,73,49,28,1149
Privacy and Property,1075,82,106,36,1299
Unfairness and Bias,867,21,104,912,1904
OVERALL,8532,587,1029,1287,11435
