category,TF,FF,TT,FT,n_seeds
Ethics and Morality,1446,147,274,67,1934
Illegal Activities,1509,97,143,29,1778
Mental Health,1235,132,163,36,1566
Offensiveness,1235,47,347,176,1805
Physical Health,985,70,68,26,1149
Privacy and Property,1062,82,120,35,1299
Unfairness and Bias,881,41,61,921,1904
OVERALL,8353,616,1176,1290,11435
