label_style,category,TT,FF,TF,FT,Total
alpha_dot,Ethics and Morality,1727,1648,207,286,3868
alpha_dot,Illegal Activities,1652,1609,126,169,3556
alpha_dot,Mental Health,1394,1388,172,178,3132
alpha_dot,Offensiveness,1588,1357,217,448,3610
alpha_dot,Physical Health,1048,1072,101,77,2298
alpha_dot,Privacy and Property,1181,1157,118,142,2598
alpha_dot,Unfairness and Bias,971,888,933,1016,3808
alpha_dot,OVERALL,9561,9119,1874,2316,22870
