label_style,category,TT,FF,TF,FT,Total
num_dot,Ethics and Morality,1720,1593,214,341,3868
num_dot,Illegal Activities,1652,1606,126,172,3556
num_dot,Mental Health,1398,1367,168,199,3132
num_dot,Offensiveness,1582,1282,223,523,3610
num_dot,Physical Health,1053,1055,96,94,2298
num_dot,Privacy and Property,1182,1144,117,155,2598
num_dot,Unfairness and Bias,942,922,962,982,3808
num_dot,OVERALL,9529,8969,1906,2466,22870
