category,TF,FF,TT,FT,n_seeds
Ethics and Morality,1607,166,67,94,1934
Illegal Activities,1488,200,52,38,1778
Mental Health,1329,173,34,30,1566
Offensiveness,1418,35,111,241,1805
Physical Health,1021,74,22,32,1149
Privacy and Property,1077,139,41,42,1299
Unfairness and Bias,1248,14,180,462,1904
OVERALL,9188,801,507,939,11435
