label_style,category,TT,FF,TF,FT,Total
roman_dot,Ethics and Morality,1673,1773,260,161,3867
roman_dot,Illegal Activities,1540,1688,238,90,3556
roman_dot,Mental Health,1363,1502,203,64,3132
roman_dot,Offensiveness,1529,1453,276,352,3610
roman_dot,Physical Health,1043,1095,106,54,2298
roman_dot,Privacy and Property,1118,1216,181,83,2598
roman_dot,Unfairness and Bias,1428,1262,476,642,3808
roman_dot,OVERALL,9694,9989,1740,1446,22869
