category,TF,FF,TT,FT,n_seeds
Ethics and Morality,1595,184,69,86,1934
Illegal Activities,1531,156,49,42,1778
Mental Health,1337,162,36,31,1566
Offensiveness,1437,28,113,227,1805
Physical Health,1018,79,16,36,1149
Privacy and Property,1093,120,49,37,1299
Unfairness and Bias,1197,16,200,491,1904
OVERALL,9208,745,532,950,11435
