category,TF,FF,TT,FT,n_seeds
Ethics and Morality,1587,181,78,88,1934
Illegal Activities,1505,180,50,43,1778
Mental Health,1336,162,37,31,1566
Offensiveness,1426,24,112,243,1805
Physical Health,1024,74,22,29,1149
Privacy and Property,1092,124,44,39,1299
Unfairness and Bias,1256,37,154,457,1904
OVERALL,9226,782,497,930,11435
