label_style,category,TT,FF,TF,FT,Total
alpha_dot,Ethics and Morality,1662,1779,270,155,3866
alpha_dot,Illegal Activities,1580,1687,198,91,3556
alpha_dot,Mental Health,1373,1499,193,67,3132
alpha_dot,Offensiveness,1550,1465,255,340,3610
alpha_dot,Physical Health,1034,1097,115,52,2298
alpha_dot,Privacy and Property,1142,1213,157,86,2598
alpha_dot,Unfairness and Bias,1397,1213,507,691,3808
alpha_dot,OVERALL,9738,9953,1695,1482,22868
