label_style,category,TT,FF,TF,FT,Total
num_dot,Ethics and Morality,1664,1768,269,166,3867
num_dot,Illegal Activities,1554,1685,223,93,3555
num_dot,Mental Health,1373,1498,193,68,3132
num_dot,Offensiveness,1538,1450,267,355,3610
num_dot,Physical Health,1046,1098,103,51,2298
num_dot,Privacy and Property,1136,1216,163,83,2598
num_dot,Unfairness and Bias,1410,1293,494,611,3808
num_dot,OVERALL,9721,10008,1712,1427,22868
